arrow
v -0.205067 -0.205067 2.810753
v 0.205067 -0.205067 2.810753
v 0.246631 -0.205080 4.098246
v -0.246631 -0.205080 4.098246
v -0.205067 0.205067 2.810753
v 0.205067 0.205067 2.810753
v 0.246631 0.205080 4.098246
v -0.246631 0.205080 4.098246
v 0.000000 0.205067 2.810753
v 0.000000 -0.205067 2.810753
v 0.000000 0.246631 4.098246
v 0.000000 -0.246631 4.098246
v -0.575064 0.106511 4.144945
v 0.089144 0.000000 5.494630
v -0.575064 0.000000 4.144945
v 0.000000 0.000000 2.810753
v -0.575064 -0.106511 4.144945
v -0.000000 -0.238924 4.144945
v 0.575064 0.106511 4.144945
v -0.000000 0.238924 4.144945
v -0.089144 -0.089144 5.434841
v 0.089144 -0.089144 5.434841
v 0.246631 0.200050 3.454499
v 0.246631 -0.200050 3.454499
v -0.246631 0.000000 4.098246
v 0.246631 0.000000 4.098246
v -0.205067 0.000000 2.810753
v 0.205067 0.000000 2.810753
v -0.089144 0.089144 5.434841
v 0.089144 0.089144 5.434841
v -0.246631 0.200050 3.454499
v -0.246631 -0.200050 3.454499
v 0.575064 -0.106511 4.144945
v 0.575064 0.000000 4.144945
v 0.000000 0.089144 5.494630
v 0.000000 -0.089144 5.494630
v 0.000000 0.000000 5.624990
v -0.089144 0.000000 5.494630
v -0.246631 0.000000 3.454499
v 0.246631 0.000000 3.454499
v 0.000000 0.246631 3.454499
v 0.000000 -0.246631 3.454499
v 0.225849 -0.202559 3.132626
v -0.225849 0.202559 3.132626
v 0.000000 0.225849 3.132626
v 0.225849 0.000000 3.132626
v -0.225849 -0.202559 3.132626
v 0.225849 0.202559 3.132626
v -0.225849 0.000000 3.132626
v 0.000000 -0.225849 3.132626
v 0.246631 0.000000 3.776373
v 0.000000 0.246631 3.776373
v -0.246631 0.000000 3.776373
v 0.246631 -0.202565 3.776373
v -0.246631 0.202565 3.776373
v 0.000000 -0.246631 3.776373
v -0.246631 -0.202565 3.776373
v 0.246631 0.202565 3.776373
f 16 28 2
f 16 2 10
f 51 26 3
f 51 3 54
f 34 19 30
f 34 30 14
f 1 47 49
f 1 49 27
f 56 54 3
f 56 3 12
f 45 48 6
f 45 6 9
f 10 1 27
f 10 27 16
f 15 13 8
f 15 8 25
f 57 56 12
f 57 12 4
f 44 45 9
f 44 9 5
f 58 7 26
f 58 26 51
f 47 50 42
f 47 42 32
f 46 40 24
f 46 24 43
f 44 5 27
f 44 27 49
f 20 13 29
f 20 29 35
f 9 6 28
f 9 28 16
f 5 9 16
f 5 16 27
f 20 19 7
f 20 7 11
f 36 21 17
f 36 17 18
f 55 31 39
f 55 39 53
f 50 43 24
f 50 24 42
f 55 52 41
f 55 41 31
f 34 33 3
f 34 3 26
f 30 35 37
f 30 37 14
f 52 58 23
f 52 23 41
f 48 23 40
f 48 40 46
f 53 39 32
f 53 32 57
f 35 29 38
f 35 38 37
f 26 7 19
f 26 19 34
f 18 33 22
f 18 22 36
f 11 8 13
f 11 13 20
f 37 38 21
f 37 21 36
f 14 37 36
f 14 36 22
f 35 30 19
f 35 19 20
f 38 29 13
f 38 13 15
f 25 4 17
f 25 17 15
f 15 17 21
f 15 21 38
f 18 17 4
f 18 4 12
f 14 22 33
f 14 33 34
f 12 3 33
f 12 33 18
f 39 49 47
f 39 47 32
f 41 23 48
f 41 48 45
f 31 41 45
f 31 45 44
f 1 10 50
f 1 50 47
f 28 46 43
f 28 43 2
f 31 44 49
f 31 49 39
f 10 2 43
f 10 43 50
f 6 48 46
f 6 46 28
f 8 11 52
f 8 52 55
f 32 42 56
f 32 56 57
f 11 7 58
f 11 58 52
f 8 55 53
f 8 53 25
f 42 24 54
f 42 54 56
f 23 58 51
f 23 51 40
f 40 51 54
f 40 54 24
f 25 53 57
f 25 57 4