cup
v 0.500000 -0.250000 0.000000
v 0.500000 0.250000 0.000000
v 0.433013 -0.250000 0.250000
v 0.433013 0.250000 0.250000
v 0.250000 -0.250000 0.433013
v 0.250000 0.250000 0.433013
v -0.000000 -0.250000 0.500000
v -0.000000 0.250000 0.500000
v -0.250000 -0.250000 0.433013
v -0.250000 0.250000 0.433013
v -0.433013 -0.250000 0.250000
v -0.433013 0.250000 0.250000
v -0.500000 -0.250000 0.000000
v -0.500000 0.250000 0.000000
v -0.433013 -0.250000 -0.250000
v -0.433013 0.250000 -0.250000
v -0.250000 -0.250000 -0.433013
v -0.250000 0.250000 -0.433013
v -0.000000 -0.250000 -0.500000
v -0.000000 0.250000 -0.500000
v 0.250000 -0.250000 -0.433013
v 0.250000 0.250000 -0.433013
v 0.433013 -0.250000 -0.250000
v 0.433013 0.250000 -0.250000
f 1 2 4 3
f 3 4 6 5
f 5 6 8 7
f 7 8 10 9
f 9 10 12 11
f 11 12 14 13
f 13 14 16 15
f 15 16 18 17
f 17 18 20 19
f 19 20 22 21
f 22 8 6 24
f 2 1 23 24
f 21 22 24 23
f 6 4 2 24
f 20 10 8 22
f 18 12 10 20
f 16 14 12 18
f 7 1 3 5
f 1 7 9 23
f 23 9 11 21
f 21 11 13 19
f 19 13 15 17
