ball 1.0 1.0 1.0 1.0
v 0.000000 0.923880 -0.382683
v 0.000000 0.707107 -0.707107
v 0.000000 0.382683 -0.923880
v 0.000000 -0.000000 -1.000000
v 0.000000 -0.382684 -0.923880
v 0.000000 -0.707107 -0.707107
v 0.000000 -0.923880 -0.382683
v 0.224936 0.923880 -0.309597
v 0.415627 0.707107 -0.572061
v 0.543043 0.382683 -0.747434
v 0.587785 -0.000000 -0.809017
v 0.543043 -0.382684 -0.747434
v 0.415627 -0.707107 -0.572061
v 0.224936 -0.923880 -0.309597
v 0.363953 0.923880 -0.118256
v 0.672498 0.707107 -0.218508
v 0.878662 0.382683 -0.285494
v 0.951056 -0.000000 -0.309017
v 0.878662 -0.382684 -0.285494
v 0.672498 -0.707107 -0.218508
v 0.363954 -0.923880 -0.118256
v 0.363953 0.923880 0.118256
v 0.672498 0.707107 0.218508
v 0.878661 0.382683 0.285494
v 0.951056 -0.000000 0.309017
v 0.878661 -0.382684 0.285494
v 0.672498 -0.707107 0.218508
v 0.363953 -0.923880 0.118256
v -0.000000 1.000000 -0.000000
v 0.224936 0.923880 0.309597
v 0.415627 0.707107 0.572061
v 0.543043 0.382683 0.747434
v 0.587785 -0.000000 0.809017
v 0.543043 -0.382684 0.747434
v 0.415627 -0.707107 0.572061
v 0.224936 -0.923880 0.309597
v -0.000000 0.923880 0.382683
v -0.000000 0.707107 0.707107
v -0.000000 0.382683 0.923879
v -0.000000 -0.000000 1.000000
v -0.000000 -0.382684 0.923879
v -0.000000 -0.707107 0.707107
v -0.000000 -0.923880 0.382683
v -0.224936 0.923880 0.309597
v -0.415627 0.707107 0.572061
v -0.543043 0.382683 0.747434
v -0.587785 -0.000000 0.809017
v -0.543043 -0.382684 0.747434
v -0.415627 -0.707107 0.572061
v -0.224936 -0.923880 0.309597
v -0.363954 0.923880 0.118255
v -0.672499 0.707107 0.218508
v -0.878662 0.382683 0.285494
v -0.951057 -0.000000 0.309017
v -0.878662 -0.382684 0.285494
v -0.672499 -0.707107 0.218508
v -0.363954 -0.923880 0.118255
v 0.000000 -1.000000 -0.000000
v -0.363954 0.923880 -0.118256
v -0.672498 0.707107 -0.218508
v -0.878662 0.382683 -0.285495
v -0.951057 -0.000000 -0.309017
v -0.878662 -0.382684 -0.285495
v -0.672498 -0.707107 -0.218508
v -0.363954 -0.923880 -0.118256
v -0.224936 0.923880 -0.309598
v -0.415627 0.707107 -0.572062
v -0.543043 0.382683 -0.747435
v -0.587785 -0.000000 -0.809017
v -0.543043 -0.382684 -0.747435
v -0.415627 -0.707107 -0.572062
v -0.224936 -0.923880 -0.309598
vn 0.260811 0.536342 -0.802692
vn 0.260811 -0.536342 -0.802692
vn 0.177644 0.818245 -0.546734
vn 0.303632 -0.185880 -0.934482
vn 0.303632 0.185880 -0.934482
vn 0.177645 -0.818245 -0.546734
vn 0.465079 0.818245 -0.337900
vn 0.794918 -0.185880 -0.577541
vn 0.794918 0.185880 -0.577541
vn 0.465080 -0.818245 -0.337900
vn 0.682811 0.536342 -0.496091
vn 0.682811 -0.536342 -0.496091
vn 0.574870 0.818245 0.000000
vn 0.982572 -0.185880 0.000000
vn 0.982572 0.185880 0.000000
vn 0.574870 -0.818245 0.000000
vn 0.844001 0.536342 0.000000
vn 0.844001 -0.536342 0.000000
vn 0.465079 0.818245 0.337900
vn 0.794918 -0.185880 0.577542
vn 0.794918 0.185880 0.577542
vn 0.465079 -0.818245 0.337900
vn 0.682811 0.536342 0.496091
vn 0.682811 -0.536342 0.496091
vn 0.177644 0.818245 0.546734
vn 0.303631 -0.185880 0.934482
vn 0.303631 0.185880 0.934482
vn 0.177644 -0.818245 0.546734
vn 0.260810 0.536342 0.802693
vn 0.260810 -0.536342 0.802692
vn -0.177645 0.818245 0.546733
vn -0.303632 -0.185880 0.934482
vn -0.303632 0.185880 0.934482
vn -0.177645 -0.818245 0.546734
vn -0.260811 0.536342 0.802692
vn -0.260811 -0.536342 0.802692
vn -0.465079 0.818245 0.337900
vn -0.794918 -0.185880 0.577541
vn -0.794918 0.185880 0.577541
vn -0.465079 -0.818245 0.337900
vn -0.682811 0.536342 0.496091
vn -0.682811 -0.536342 0.496091
vn -0.574870 0.818245 -0.000000
vn -0.982572 -0.185880 -0.000000
vn -0.982572 0.185880 -0.000000
vn -0.574870 -0.818245 -0.000000
vn -0.844001 0.536342 -0.000000
vn -0.844001 -0.536342 -0.000000
vn -0.465079 0.818245 -0.337900
vn -0.794918 -0.185880 -0.577542
vn -0.794918 0.185880 -0.577542
vn -0.465079 -0.818245 -0.337900
vn -0.682811 0.536342 -0.496091
vn -0.682811 -0.536342 -0.496091
vn 0.063262 -0.978821 -0.194700
vn 0.063262 0.978821 -0.194700
vn 0.165621 -0.978821 -0.120331
vn 0.165621 0.978821 -0.120331
vn 0.204719 -0.978821 0.000000
vn 0.204719 0.978821 -0.000000
vn 0.165621 -0.978821 0.120331
vn 0.165621 0.978821 0.120331
vn 0.063262 -0.978821 0.194700
vn 0.063262 0.978821 0.194700
vn -0.063262 -0.978821 0.194700
vn -0.063262 0.978821 0.194700
vn -0.165621 -0.978821 0.120331
vn -0.165621 0.978821 0.120331
vn -0.204719 -0.978821 -0.000000
vn -0.204719 0.978821 -0.000000
vn -0.165621 -0.978821 -0.120331
vn -0.165621 0.978821 -0.120331
vn -0.177644 0.818245 -0.546734
vn -0.303631 -0.185880 -0.934482
vn -0.063262 -0.978821 -0.194700
vn -0.063262 0.978821 -0.194700
vn -0.303631 0.185880 -0.934482
vn -0.177644 -0.818245 -0.546734
vn -0.260810 0.536342 -0.802693
vn -0.260810 -0.536342 -0.802693
f 9 1 10 1 3 1
f 9 1 3 1 2 1
f 12 2 13 2 6 2
f 12 2 6 2 5 2
f 2 3 1 3 8 3
f 2 3 8 3 9 3
f 11 4 12 4 5 4
f 11 4 5 4 4 4
f 10 5 11 5 4 5
f 10 5 4 5 3 5
f 13 6 14 6 7 6
f 13 6 7 6 6 6
f 15 7 16 7 9 7
f 15 7 9 7 8 7
f 18 8 19 8 12 8
f 18 8 12 8 11 8
f 17 9 18 9 11 9
f 17 9 11 9 10 9
f 20 10 21 10 14 10
f 20 10 14 10 13 10
f 16 11 17 11 10 11
f 16 11 10 11 9 11
f 19 12 20 12 13 12
f 19 12 13 12 12 12
f 22 13 23 13 16 13
f 22 13 16 13 15 13
f 25 14 26 14 19 14
f 25 14 19 14 18 14
f 24 15 25 15 18 15
f 24 15 18 15 17 15
f 27 16 28 16 21 16
f 27 16 21 16 20 16
f 23 17 24 17 17 17
f 23 17 17 17 16 17
f 26 18 27 18 20 18
f 26 18 20 18 19 18
f 30 19 31 19 23 19
f 30 19 23 19 22 19
f 33 20 34 20 26 20
f 33 20 26 20 25 20
f 32 21 33 21 25 21
f 32 21 25 21 24 21
f 35 22 36 22 28 22
f 35 22 28 22 27 22
f 31 23 32 23 24 23
f 31 23 24 23 23 23
f 34 24 35 24 27 24
f 34 24 27 24 26 24
f 37 25 38 25 31 25
f 37 25 31 25 30 25
f 40 26 41 26 34 26
f 40 26 34 26 33 26
f 39 27 40 27 33 27
f 39 27 33 27 32 27
f 42 28 43 28 36 28
f 42 28 36 28 35 28
f 38 29 39 29 32 29
f 38 29 32 29 31 29
f 41 30 42 30 35 30
f 41 30 35 30 34 30
f 44 31 45 31 38 31
f 44 31 38 31 37 31
f 47 32 48 32 41 32
f 47 32 41 32 40 32
f 46 33 47 33 40 33
f 46 33 40 33 39 33
f 49 34 50 34 43 34
f 49 34 43 34 42 34
f 45 35 46 35 39 35
f 45 35 39 35 38 35
f 48 36 49 36 42 36
f 48 36 42 36 41 36
f 51 37 52 37 45 37
f 51 37 45 37 44 37
f 54 38 55 38 48 38
f 54 38 48 38 47 38
f 53 39 54 39 47 39
f 53 39 47 39 46 39
f 56 40 57 40 50 40
f 56 40 50 40 49 40
f 52 41 53 41 46 41
f 52 41 46 41 45 41
f 55 42 56 42 49 42
f 55 42 49 42 48 42
f 59 43 60 43 52 43
f 59 43 52 43 51 43
f 62 44 63 44 55 44
f 62 44 55 44 54 44
f 61 45 62 45 54 45
f 61 45 54 45 53 45
f 64 46 65 46 57 46
f 64 46 57 46 56 46
f 60 47 61 47 53 47
f 60 47 53 47 52 47
f 63 48 64 48 56 48
f 63 48 56 48 55 48
f 66 49 67 49 60 49
f 66 49 60 49 59 49
f 69 50 70 50 63 50
f 69 50 63 50 62 50
f 68 51 69 51 62 51
f 68 51 62 51 61 51
f 71 52 72 52 65 52
f 71 52 65 52 64 52
f 67 53 68 53 61 53
f 67 53 61 53 60 53
f 70 54 71 54 64 54
f 70 54 64 54 63 54
f 14 55 58 55 7 55
f 8 56 1 56 29 56
f 21 57 58 57 14 57
f 29 58 15 58 8 58
f 28 59 58 59 21 59
f 29 60 22 60 15 60
f 36 61 58 61 28 61
f 29 62 30 62 22 62
f 43 63 58 63 36 63
f 29 64 37 64 30 64
f 50 65 58 65 43 65
f 29 66 44 66 37 66
f 57 67 58 67 50 67
f 29 68 51 68 44 68
f 65 69 58 69 57 69
f 29 70 59 70 51 70
f 72 71 58 71 65 71
f 29 72 66 72 59 72
f 1 73 2 73 67 73
f 1 73 67 73 66 73
f 4 74 5 74 70 74
f 4 74 70 74 69 74
f 7 75 58 75 72 75
f 29 76 1 76 66 76
f 3 77 4 77 69 77
f 3 77 69 77 68 77
f 6 78 7 78 72 78
f 6 78 72 78 71 78
f 2 79 3 79 68 79
f 2 79 68 79 67 79
f 5 80 6 80 71 80
f 5 80 71 80 70 80
arrow 0.2 0.9 0.2 1.0
v -0.915542 -0.823615 8.842029
v 0.915542 -0.823615 8.842029
v 1.047383 -0.613217 10.745340
v -1.047383 -0.613217 10.745340
v -0.915542 0.823615 8.842029
v 0.915542 0.823615 8.842029
v 1.047383 0.613217 10.745340
v -1.047383 0.613217 10.745340
v 1.384390 0.864379 9.895658
v 1.384390 -0.864379 9.895658
v -1.384390 0.864379 9.895658
v -1.384390 -0.864379 9.895658
v 0.000000 1.053630 9.895658
v 0.000000 -1.053630 9.895658
v 0.000000 -0.613217 11.455296
v 0.000000 0.613217 11.455296
v 0.000000 -1.053630 8.842029
v 0.000000 1.053630 8.842029
v 1.053630 0.000000 8.842029
v -1.053630 0.000000 8.842029
v 1.047383 0.000000 11.455296
v -1.047383 0.000000 11.455296
v 2.118951 0.000000 9.895658
v -2.118951 0.000000 9.895658
v 0.000000 0.000000 13.002129
v 0.000000 0.000000 6.083411
v -1.053630 0.000000 6.586659
v 1.053630 0.000000 6.586659
v 0.000000 1.053630 6.586659
v 0.000000 -1.053630 6.586659
v 0.835645 0.785667 6.586659
v -0.835645 0.785667 6.586659
v 0.835645 -0.785667 6.586659
v -0.835645 -0.785667 6.586659
vn -0.976207 -0.215998 -0.019108
vn 0.686836 -0.562563 0.460194
vn -0.457443 -0.781319 0.424602
vn -0.742891 -0.384056 -0.548283
vn 0.158879 -0.942861 0.292864
vn 0.179029 0.982083 -0.058830
vn 0.742891 -0.384056 -0.548283
vn -0.686836 -0.562563 0.460194
vn 0.179029 -0.982083 -0.058830
vn 0.158879 0.942861 0.292864
vn -0.179029 0.982083 -0.058830
vn -0.158879 0.942861 0.292864
vn 0.457443 -0.781319 0.424602
vn -0.179029 -0.982083 -0.058830
vn -0.158879 -0.942861 0.292864
vn -0.273499 0.961785 -0.012936
vn -0.976207 0.215998 -0.019108
vn 0.686836 0.562563 0.460194
vn -0.457443 0.781319 0.424602
vn -0.742891 0.384056 -0.548283
vn 0.742891 0.384056 -0.548283
vn -0.686836 0.562563 0.460194
vn 0.457443 0.781319 0.424602
vn 0.273499 0.961785 -0.012936
vn 0.284218 0.284218 -0.915664
vn -0.284218 0.284218 -0.915664
vn 0.976207 -0.215998 -0.019108
vn 0.976207 0.215998 -0.019108
vn -0.284218 -0.284218 -0.915664
vn 0.284218 -0.284218 -0.915664
vn 0.273499 -0.961785 -0.012936
vn -0.273499 -0.961785 -0.012936
f 1 1 20 1 27 1
f 1 1 27 1 34 1
f 23 2 21 2 3 2
f 23 2 3 2 10 2
f 25 3 22 3 4 3
f 25 3 4 3 15 3
f 1 4 12 4 24 4
f 1 4 24 4 20 4
f 14 5 10 5 3 5
f 14 5 3 5 15 5
f 13 6 9 6 6 6
f 13 6 6 6 18 6
f 19 7 23 7 10 7
f 19 7 10 7 2 7
f 22 8 24 8 12 8
f 22 8 12 8 4 8
f 17 9 2 9 10 9
f 17 9 10 9 14 9
f 16 10 7 10 9 10
f 16 10 9 10 13 10
f 11 11 13 11 18 11
f 11 11 18 11 5 11
f 8 12 16 12 13 12
f 8 12 13 12 11 12
f 21 13 25 13 15 13
f 21 13 15 13 3 13
f 1 14 17 14 14 14
f 1 14 14 14 12 14
f 12 15 14 15 15 15
f 12 15 15 15 4 15
f 29 16 32 16 5 16
f 29 16 5 16 18 16
f 20 17 5 17 32 17
f 20 17 32 17 27 17
f 9 18 7 18 21 18
f 9 18 21 18 23 18
f 16 19 8 19 22 19
f 16 19 22 19 25 19
f 11 20 5 20 20 20
f 11 20 20 20 24 20
f 6 21 9 21 23 21
f 6 21 23 21 19 21
f 8 22 11 22 24 22
f 8 22 24 22 22 22
f 7 23 16 23 25 23
f 7 23 25 23 21 23
f 18 24 6 24 31 24
f 18 24 31 24 29 24
f 29 25 31 25 28 25
f 29 25 28 25 26 25
f 32 26 29 26 26 26
f 32 26 26 26 27 26
f 19 27 2 27 33 27
f 19 27 33 27 28 27
f 28 28 31 28 6 28
f 28 28 6 28 19 28
f 27 29 26 29 30 29
f 27 29 30 29 34 29
f 26 30 28 30 33 30
f 26 30 33 30 30 30
f 30 31 33 31 2 31
f 30 31 2 31 17 31
f 17 32 1 32 34 32
f 17 32 34 32 30 32
cup 0.4 0.2 0.2 1.0
v 0.900000 -0.500000 0.000000
v 0.900000 0.500000 0.000000
v 0.779423 -0.500000 0.450000
v 0.779423 0.500000 0.450000
v 0.450000 -0.500000 0.779423
v 0.450000 0.500000 0.779423
v -0.000000 -0.500000 0.900000
v -0.000000 0.500000 0.900000
v -0.450000 -0.500000 0.779423
v -0.450000 0.500000 0.779423
v -0.779423 -0.500000 0.450000
v -0.779423 0.500000 0.450000
v -0.900000 -0.500000 0.000000
v -0.900000 0.500000 0.000000
v -0.779423 -0.500000 -0.450000
v -0.779423 0.500000 -0.450000
v -0.450000 -0.500000 -0.779423
v -0.450000 0.500000 -0.779423
v -0.000000 -0.500000 -0.900000
v -0.000000 0.500000 -0.900000
v 0.450000 -0.500000 -0.779423
v 0.450000 0.500000 -0.779423
v 0.779423 -0.500000 -0.450001
v 0.779423 0.500000 -0.450001
vn 0.965926 0.000000 0.258819
vn 0.707107 0.000000 0.707107
vn 0.258819 0.000000 0.965926
vn -0.258819 0.000000 0.965926
vn -0.707107 0.000000 0.707107
vn -0.965926 0.000000 0.258819
vn -0.965926 0.000000 -0.258819
vn -0.707107 0.000000 -0.707107
vn -0.258819 0.000000 -0.965926
vn 0.258819 0.000000 -0.965926
vn 0.000000 1.000000 -0.000000
vn 0.965926 0.000000 -0.258819
vn 0.707106 0.000000 -0.707107
vn 0.000000 -1.000000 0.000000
f 1 1 2 1 4 1
f 1 1 4 1 3 1
f 3 2 4 2 6 2
f 3 2 6 2 5 2
f 5 3 6 3 8 3
f 5 3 8 3 7 3
f 7 4 8 4 10 4
f 7 4 10 4 9 4
f 9 5 10 5 12 5
f 9 5 12 5 11 5
f 11 6 12 6 14 6
f 11 6 14 6 13 6
f 13 7 14 7 16 7
f 13 7 16 7 15 7
f 15 8 16 8 18 8
f 15 8 18 8 17 8
f 17 9 18 9 20 9
f 17 9 20 9 19 9
f 19 10 20 10 22 10
f 19 10 22 10 21 10
f 4 11 2 11 24 11
f 4 11 24 11 6 11
f 24 11 22 11 6 11
f 22 11 8 11 6 11
f 22 11 20 11 8 11
f 20 11 10 11 8 11
f 20 11 18 11 10 11
f 18 11 12 11 10 11
f 18 11 16 11 12 11
f 16 11 14 11 12 11
f 2 12 1 12 23 12
f 2 12 23 12 24 12
f 21 13 22 13 24 13
f 21 13 24 13 23 13
f 1 14 3 14 23 14
f 3 14 5 14 23 14
f 5 14 21 14 23 14
f 5 14 7 14 21 14
f 7 14 19 14 21 14
f 7 14 9 14 19 14
f 9 14 17 14 19 14
f 9 14 11 14 17 14
f 11 14 15 14 17 14
f 11 14 13 14 15 14