ball 1.0 1.0 1.0 1.0
v 0.000000 0.923880 -0.382683
v 0.000000 0.707107 -0.707107
v 0.000000 0.382683 -0.923880
v 0.000000 -0.000000 -1.000000
v 0.000000 -0.382684 -0.923880
v 0.000000 -0.707107 -0.707107
v 0.000000 -0.923880 -0.382683
v 0.224936 0.923880 -0.309597
v 0.415627 0.707107 -0.572061
v 0.543043 0.382683 -0.747434
v 0.587785 -0.000000 -0.809017
v 0.543043 -0.382684 -0.747434
v 0.415627 -0.707107 -0.572061
v 0.224936 -0.923880 -0.309597
v 0.363953 0.923880 -0.118256
v 0.672498 0.707107 -0.218508
v 0.878662 0.382683 -0.285494
v 0.951056 -0.000000 -0.309017
v 0.878662 -0.382684 -0.285494
v 0.672498 -0.707107 -0.218508
v 0.363954 -0.923880 -0.118256
v 0.363953 0.923880 0.118256
v 0.672498 0.707107 0.218508
v 0.878661 0.382683 0.285494
v 0.951056 -0.000000 0.309017
v 0.878661 -0.382684 0.285494
v 0.672498 -0.707107 0.218508
v 0.363953 -0.923880 0.118256
v -0.000000 1.000000 -0.000000
v 0.224936 0.923880 0.309597
v 0.415627 0.707107 0.572061
v 0.543043 0.382683 0.747434
v 0.587785 -0.000000 0.809017
v 0.543043 -0.382684 0.747434
v 0.415627 -0.707107 0.572061
v 0.224936 -0.923880 0.309597
v -0.000000 0.923880 0.382683
v -0.000000 0.707107 0.707107
v -0.000000 0.382683 0.923879
v -0.000000 -0.000000 1.000000
v -0.000000 -0.382684 0.923879
v -0.000000 -0.707107 0.707107
v -0.000000 -0.923880 0.382683
v -0.224936 0.923880 0.309597
v -0.415627 0.707107 0.572061
v -0.543043 0.382683 0.747434
v -0.587785 -0.000000 0.809017
v -0.543043 -0.382684 0.747434
v -0.415627 -0.707107 0.572061
v -0.224936 -0.923880 0.309597
v -0.363954 0.923880 0.118255
v -0.672499 0.707107 0.218508
v -0.878662 0.382683 0.285494
v -0.951057 -0.000000 0.309017
v -0.878662 -0.382684 0.285494
v -0.672499 -0.707107 0.218508
v -0.363954 -0.923880 0.118255
v 0.000000 -1.000000 -0.000000
v -0.363954 0.923880 -0.118256
v -0.672498 0.707107 -0.218508
v -0.878662 0.382683 -0.285495
v -0.951057 -0.000000 -0.309017
v -0.878662 -0.382684 -0.285495
v -0.672498 -0.707107 -0.218508
v -0.363954 -0.923880 -0.118256
v -0.224936 0.923880 -0.309598
v -0.415627 0.707107 -0.572062
v -0.543043 0.382683 -0.747435
v -0.587785 -0.000000 -0.809017
v -0.543043 -0.382684 -0.747435
v -0.415627 -0.707107 -0.572062
v -0.224936 -0.923880 -0.309598
vn 0.260811 0.536342 -0.802692
vn 0.260811 -0.536342 -0.802692
vn 0.177644 0.818245 -0.546734
vn 0.303632 -0.185880 -0.934482
vn 0.303632 0.185880 -0.934482
vn 0.177645 -0.818245 -0.546734
vn 0.465079 0.818245 -0.337900
vn 0.794918 -0.185880 -0.577541
vn 0.794918 0.185880 -0.577541
vn 0.465080 -0.818245 -0.337900
vn 0.682811 0.536342 -0.496091
vn 0.682811 -0.536342 -0.496091
vn 0.574870 0.818245 0.000000
vn 0.982572 -0.185880 0.000000
vn 0.982572 0.185880 0.000000
vn 0.574870 -0.818245 0.000000
vn 0.844001 0.536342 0.000000
vn 0.844001 -0.536342 0.000000
vn 0.465079 0.818245 0.337900
vn 0.794918 -0.185880 0.577542
vn 0.794918 0.185880 0.577542
vn 0.465079 -0.818245 0.337900
vn 0.682811 0.536342 0.496091
vn 0.682811 -0.536342 0.496091
vn 0.177644 0.818245 0.546734
vn 0.303631 -0.185880 0.934482
vn 0.303631 0.185880 0.934482
vn 0.177644 -0.818245 0.546734
vn 0.260810 0.536342 0.802693
vn 0.260810 -0.536342 0.802692
vn -0.177645 0.818245 0.546733
vn -0.303632 -0.185880 0.934482
vn -0.303632 0.185880 0.934482
vn -0.177645 -0.818245 0.546734
vn -0.260811 0.536342 0.802692
vn -0.260811 -0.536342 0.802692
vn -0.465079 0.818245 0.337900
vn -0.794918 -0.185880 0.577541
vn -0.794918 0.185880 0.577541
vn -0.465079 -0.818245 0.337900
vn -0.682811 0.536342 0.496091
vn -0.682811 -0.536342 0.496091
vn -0.574870 0.818245 -0.000000
vn -0.982572 -0.185880 -0.000000
vn -0.982572 0.185880 -0.000000
vn -0.574870 -0.818245 -0.000000
vn -0.844001 0.536342 -0.000000
vn -0.844001 -0.536342 -0.000000
vn -0.465079 0.818245 -0.337900
vn -0.794918 -0.185880 -0.577542
vn -0.794918 0.185880 -0.577542
vn -0.465079 -0.818245 -0.337900
vn -0.682811 0.536342 -0.496091
vn -0.682811 -0.536342 -0.496091
vn 0.063262 -0.978821 -0.194700
vn 0.063262 0.978821 -0.194700
vn 0.165621 -0.978821 -0.120331
vn 0.165621 0.978821 -0.120331
vn 0.204719 -0.978821 0.000000
vn 0.204719 0.978821 -0.000000
vn 0.165621 -0.978821 0.120331
vn 0.165621 0.978821 0.120331
vn 0.063262 -0.978821 0.194700
vn 0.063262 0.978821 0.194700
vn -0.063262 -0.978821 0.194700
vn -0.063262 0.978821 0.194700
vn -0.165621 -0.978821 0.120331
vn -0.165621 0.978821 0.120331
vn -0.204719 -0.978821 -0.000000
vn -0.204719 0.978821 -0.000000
vn -0.165621 -0.978821 -0.120331
vn -0.165621 0.978821 -0.120331
vn -0.177644 0.818245 -0.546734
vn -0.303631 -0.185880 -0.934482
vn -0.063262 -0.978821 -0.194700
vn -0.063262 0.978821 -0.194700
vn -0.303631 0.185880 -0.934482
vn -0.177644 -0.818245 -0.546734
vn -0.260810 0.536342 -0.802693
vn -0.260810 -0.536342 -0.802693
f 9 1 10 1 3 1
f 9 1 3 1 2 1
f 12 2 13 2 6 2
f 12 2 6 2 5 2
f 2 3 1 3 8 3
f 2 3 8 3 9 3
f 11 4 12 4 5 4
f 11 4 5 4 4 4
f 10 5 11 5 4 5
f 10 5 4 5 3 5
f 13 6 14 6 7 6
f 13 6 7 6 6 6
f 15 7 16 7 9 7
f 15 7 9 7 8 7
f 18 8 19 8 12 8
f 18 8 12 8 11 8
f 17 9 18 9 11 9
f 17 9 11 9 10 9
f 20 10 21 10 14 10
f 20 10 14 10 13 10
f 16 11 17 11 10 11
f 16 11 10 11 9 11
f 19 12 20 12 13 12
f 19 12 13 12 12 12
f 22 13 23 13 16 13
f 22 13 16 13 15 13
f 25 14 26 14 19 14
f 25 14 19 14 18 14
f 24 15 25 15 18 15
f 24 15 18 15 17 15
f 27 16 28 16 21 16
f 27 16 21 16 20 16
f 23 17 24 17 17 17
f 23 17 17 17 16 17
f 26 18 27 18 20 18
f 26 18 20 18 19 18
f 30 19 31 19 23 19
f 30 19 23 19 22 19
f 33 20 34 20 26 20
f 33 20 26 20 25 20
f 32 21 33 21 25 21
f 32 21 25 21 24 21
f 35 22 36 22 28 22
f 35 22 28 22 27 22
f 31 23 32 23 24 23
f 31 23 24 23 23 23
f 34 24 35 24 27 24
f 34 24 27 24 26 24
f 37 25 38 25 31 25
f 37 25 31 25 30 25
f 40 26 41 26 34 26
f 40 26 34 26 33 26
f 39 27 40 27 33 27
f 39 27 33 27 32 27
f 42 28 43 28 36 28
f 42 28 36 28 35 28
f 38 29 39 29 32 29
f 38 29 32 29 31 29
f 41 30 42 30 35 30
f 41 30 35 30 34 30
f 44 31 45 31 38 31
f 44 31 38 31 37 31
f 47 32 48 32 41 32
f 47 32 41 32 40 32
f 46 33 47 33 40 33
f 46 33 40 33 39 33
f 49 34 50 34 43 34
f 49 34 43 34 42 34
f 45 35 46 35 39 35
f 45 35 39 35 38 35
f 48 36 49 36 42 36
f 48 36 42 36 41 36
f 51 37 52 37 45 37
f 51 37 45 37 44 37
f 54 38 55 38 48 38
f 54 38 48 38 47 38
f 53 39 54 39 47 39
f 53 39 47 39 46 39
f 56 40 57 40 50 40
f 56 40 50 40 49 40
f 52 41 53 41 46 41
f 52 41 46 41 45 41
f 55 42 56 42 49 42
f 55 42 49 42 48 42
f 59 43 60 43 52 43
f 59 43 52 43 51 43
f 62 44 63 44 55 44
f 62 44 55 44 54 44
f 61 45 62 45 54 45
f 61 45 54 45 53 45
f 64 46 65 46 57 46
f 64 46 57 46 56 46
f 60 47 61 47 53 47
f 60 47 53 47 52 47
f 63 48 64 48 56 48
f 63 48 56 48 55 48
f 66 49 67 49 60 49
f 66 49 60 49 59 49
f 69 50 70 50 63 50
f 69 50 63 50 62 50
f 68 51 69 51 62 51
f 68 51 62 51 61 51
f 71 52 72 52 65 52
f 71 52 65 52 64 52
f 67 53 68 53 61 53
f 67 53 61 53 60 53
f 70 54 71 54 64 54
f 70 54 64 54 63 54
f 14 55 58 55 7 55
f 8 56 1 56 29 56
f 21 57 58 57 14 57
f 29 58 15 58 8 58
f 28 59 58 59 21 59
f 29 60 22 60 15 60
f 36 61 58 61 28 61
f 29 62 30 62 22 62
f 43 63 58 63 36 63
f 29 64 37 64 30 64
f 50 65 58 65 43 65
f 29 66 44 66 37 66
f 57 67 58 67 50 67
f 29 68 51 68 44 68
f 65 69 58 69 57 69
f 29 70 59 70 51 70
f 72 71 58 71 65 71
f 29 72 66 72 59 72
f 1 73 2 73 67 73
f 1 73 67 73 66 73
f 4 74 5 74 70 74
f 4 74 70 74 69 74
f 7 75 58 75 72 75
f 29 76 1 76 66 76
f 3 77 4 77 69 77
f 3 77 69 77 68 77
f 6 78 7 78 72 78
f 6 78 72 78 71 78
f 2 79 3 79 68 79
f 2 79 68 79 67 79
f 5 80 6 80 71 80
f 5 80 71 80 70 80
cup 0.4 0.2 0.2 1.0
v 0.900000 -0.500000 0.000000
v 0.900000 0.500000 0.000000
v 0.779423 -0.500000 0.450000
v 0.779423 0.500000 0.450000
v 0.450000 -0.500000 0.779423
v 0.450000 0.500000 0.779423
v -0.000000 -0.500000 0.900000
v -0.000000 0.500000 0.900000
v -0.450000 -0.500000 0.779423
v -0.450000 0.500000 0.779423
v -0.779423 -0.500000 0.450000
v -0.779423 0.500000 0.450000
v -0.900000 -0.500000 0.000000
v -0.900000 0.500000 0.000000
v -0.779423 -0.500000 -0.450000
v -0.779423 0.500000 -0.450000
v -0.450000 -0.500000 -0.779423
v -0.450000 0.500000 -0.779423
v -0.000000 -0.500000 -0.900000
v -0.000000 0.500000 -0.900000
v 0.450000 -0.500000 -0.779423
v 0.450000 0.500000 -0.779423
v 0.779423 -0.500000 -0.450001
v 0.779423 0.500000 -0.450001
vn 0.965926 0.000000 0.258819
vn 0.707107 0.000000 0.707107
vn 0.258819 0.000000 0.965926
vn -0.258819 0.000000 0.965926
vn -0.707107 0.000000 0.707107
vn -0.965926 0.000000 0.258819
vn -0.965926 0.000000 -0.258819
vn -0.707107 0.000000 -0.707107
vn -0.258819 0.000000 -0.965926
vn 0.258819 0.000000 -0.965926
vn 0.000000 1.000000 -0.000000
vn 0.965926 0.000000 -0.258819
vn 0.707106 0.000000 -0.707107
vn 0.000000 -1.000000 0.000000
f 1 1 2 1 4 1
f 1 1 4 1 3 1
f 3 2 4 2 6 2
f 3 2 6 2 5 2
f 5 3 6 3 8 3
f 5 3 8 3 7 3
f 7 4 8 4 10 4
f 7 4 10 4 9 4
f 9 5 10 5 12 5
f 9 5 12 5 11 5
f 11 6 12 6 14 6
f 11 6 14 6 13 6
f 13 7 14 7 16 7
f 13 7 16 7 15 7
f 15 8 16 8 18 8
f 15 8 18 8 17 8
f 17 9 18 9 20 9
f 17 9 20 9 19 9
f 19 10 20 10 22 10
f 19 10 22 10 21 10
f 4 11 2 11 24 11
f 4 11 24 11 6 11
f 24 11 22 11 6 11
f 22 11 8 11 6 11
f 22 11 20 11 8 11
f 20 11 10 11 8 11
f 20 11 18 11 10 11
f 18 11 12 11 10 11
f 18 11 16 11 12 11
f 16 11 14 11 12 11
f 2 12 1 12 23 12
f 2 12 23 12 24 12
f 21 13 22 13 24 13
f 21 13 24 13 23 13
f 1 14 3 14 23 14
f 3 14 5 14 23 14
f 5 14 21 14 23 14
f 5 14 7 14 21 14
f 7 14 19 14 21 14
f 7 14 9 14 19 14
f 9 14 17 14 19 14
f 9 14 11 14 17 14
f 11 14 15 14 17 14
f 11 14 13 14 15 14
pacanariBody 0.2 0.2 0.8 1.0
v -1.057664 7.710574 0.626591
v -1.057664 7.710574 -0.382511
v -1.005477 6.399592 0.626591
v -1.005477 6.399592 -0.473409
v -1.051105 7.055083 -0.875601
v -1.051105 7.055083 0.958676
v -0.500000 6.399592 0.871243
v -0.500000 7.710574 -0.787080
v -0.500000 6.399592 -0.818424
v -0.500000 7.710574 0.871243
v -1.108378 7.382828 0.756190
v -1.108378 7.382828 -0.596823
v -0.500028 7.382828 -1.000000
v -0.500000 7.055083 -1.000000
v -0.500000 7.055083 1.000000
v -0.374094 6.611199 0.990130
v -0.374094 6.843475 1.000000
v -0.374094 6.626262 0.701509
v -0.374094 6.828413 0.701509
v -0.811680 7.579476 0.702291
v -0.200000 7.584084 1.000000
v -0.200000 7.186181 1.000000
v -0.809928 7.186181 0.984324
v -0.500000 7.579476 0.895991
v -0.845768 7.382828 0.828571
v -0.200000 7.382828 1.000000
v -0.500000 7.186181 1.000000
v -0.809761 7.534451 0.627759
v -0.200752 7.534451 0.781192
v -0.200752 7.231206 0.781192
v -0.811148 7.231206 0.775454
v -0.501879 7.534451 0.775057
v -0.830952 7.382828 0.719943
v -0.200752 7.382828 0.781192
v -0.501879 7.231206 0.781192
v -1.113407 6.399592 0.076591
v -1.178235 7.760596 0.122040
v -1.222269 7.055083 0.041538
v -0.505091 6.399592 0.026410
v -0.525507 7.940689 0.042081
v -1.222269 7.382828 0.079683
v -0.450749 5.383883 0.780720
v -0.693241 4.440362 1.200729
v -0.735837 2.919200 1.274507
v -0.693241 1.416101 1.200728
v -0.457975 0.870393 0.793235
v -0.780720 5.383883 0.450749
v -1.200728 4.440362 0.693241
v -1.274507 2.919200 0.735837
v -1.200728 1.416101 0.693241
v -0.793235 0.870393 0.457975
v -0.901498 5.383883 -0.000000
v -1.386482 4.440362 -0.000000
v -1.471674 2.919200 -0.000000
v -1.386482 1.416101 -0.000000
v -0.915950 0.870393 -0.000000
v -0.780720 5.383883 -0.450749
v -1.200729 4.440362 -0.693241
v -1.274507 2.919200 -0.735837
v -1.200728 1.416101 -0.693241
v -0.793235 0.870393 -0.457975
v -0.450749 5.383883 -0.780720
v -0.693241 4.440362 -1.200729
v -0.735837 2.919200 -1.274507
v -0.693241 1.416101 -1.200729
v -0.457975 0.870393 -0.793236
v 1.057664 7.710574 0.626591
v 1.057664 7.710574 -0.382511
v 1.005477 6.399592 0.626591
v 1.005477 6.399592 -0.473409
v 0.000000 6.399592 1.000000
v 0.000000 6.399592 -1.000000
v 0.000000 7.762888 -1.000000
v 0.000000 7.762888 1.000000
v 0.000000 7.055083 -1.000000
v 0.000000 7.055083 1.000000
v 1.051105 7.055083 -0.875601
v 1.051105 7.055083 0.958676
v 0.500000 6.399592 0.871243
v 0.500000 7.710574 -0.787080
v 0.500000 6.399592 -0.818424
v 0.500000 7.710574 0.871243
v 1.108378 7.382828 0.756190
v 0.000000 7.382834 1.000000
v 0.000000 7.382834 -1.000000
v 1.108378 7.382828 -0.596823
v 0.000000 6.843475 1.000000
v 0.500028 7.382828 -1.000000
v 0.000000 6.611199 1.000000
v 0.500000 7.055083 -1.000000
v 0.500000 7.055083 1.000000
v 0.374094 6.611199 0.990130
v 0.374094 6.843475 1.000000
v 0.000000 6.828413 0.701509
v 0.000000 6.626262 0.701509
v 0.374094 6.626262 0.701509
v 0.374094 6.828413 0.701509
v 0.811680 7.579476 0.702291
v 0.200000 7.584084 1.000000
v 0.200000 7.186181 1.000000
v 0.809928 7.186181 0.984324
v 0.500000 7.579476 0.895991
v 0.845768 7.382828 0.828571
v 0.200000 7.382828 1.000000
v 0.500000 7.186181 1.000000
v 0.809761 7.534451 0.627759
v 0.200752 7.534451 0.781192
v 0.200752 7.231206 0.781192
v 0.811148 7.231206 0.775454
v 0.501879 7.534451 0.775057
v 0.830952 7.382828 0.719943
v 0.200752 7.382828 0.781192
v 0.501879 7.231206 0.781192
v 0.000000 8.048580 0.000000
v 0.000000 6.399592 0.000000
v 1.113407 6.399592 0.076591
v 1.178235 7.760596 0.122040
v 1.222269 7.055083 0.041538
v 0.505091 6.399592 0.026410
v 0.525507 7.940689 0.042081
v 1.222269 7.382828 0.079683
v -0.000000 5.383883 -0.901498
v -0.000000 1.416101 -1.386482
v -0.000000 0.870393 -0.915950
v -0.000000 0.723308 -0.000000
v 0.000000 5.508842 -0.000000
v 0.000000 5.383883 0.901498
v -0.000000 4.440362 1.386482
v -0.000000 2.919200 1.471674
v -0.000000 1.416101 1.386482
v -0.000000 0.870393 0.915949
v 0.450749 5.383883 0.780720
v 0.693241 4.440362 1.200729
v 0.735837 2.919200 1.274507
v 0.693241 1.416101 1.200728
v 0.457975 0.870393 0.793235
v 0.780720 5.383883 0.450749
v 1.200728 4.440362 0.693241
v 1.274507 2.919200 0.735837
v 1.200728 1.416101 0.693241
v 0.793235 0.870393 0.457975
v 0.901498 5.383883 -0.000000
v 1.386482 4.440362 -0.000000
v 1.471674 2.919200 -0.000000
v 1.386482 1.416101 -0.000000
v 0.915950 0.870393 -0.000000
v 0.780720 5.383883 -0.450749
v 1.200729 4.440362 -0.693241
v 1.274507 2.919200 -0.735837
v 1.200728 1.416101 -0.693241
v 0.793235 0.870393 -0.457975
v 0.450749 5.383883 -0.780720
v 0.693241 4.440362 -1.200729
v 0.735837 2.919200 -1.274507
v 0.693241 1.416101 -1.200729
v 0.457975 0.870393 -0.793236
v 0.000000 4.440362 -1.386482
v -0.000000 2.919200 -1.471674
vn -0.967164 -0.175337 -0.183984
vn 0.000000 -1.000000 -0.000000
vn -0.213391 0.939515 -0.267910
vn -0.246715 -0.329012 0.911528
vn -0.177019 -0.135028 -0.974901
vn -0.984376 -0.000878 -0.176076
vn -0.422742 -0.139819 0.895399
vn 0.000000 0.000000 -1.000000
vn 0.000000 0.000000 1.000000
vn -0.213892 0.281408 -0.935446
vn -0.374191 -0.388069 -0.842249
vn -0.959142 0.201180 -0.198929
vn -0.152624 -0.224931 0.962347
vn -0.390800 0.331108 -0.858862
vn -0.492624 0.501625 -0.711122
vn -0.230611 0.946878 -0.224144
vn 0.000000 -0.998729 0.050399
vn -0.000676 0.998686 0.051244
vn 1.000000 0.000000 -0.000000
vn -0.289540 0.504342 0.813514
vn -0.066009 -0.036823 0.997139
vn -0.448790 -0.080061 0.890044
vn -0.139836 0.452397 0.880786
vn -0.286787 0.258743 0.922391
vn -0.041813 -0.962382 0.268463
vn 0.977560 0.198673 0.070039
vn -0.999994 0.000000 0.003435
vn -0.224404 -0.885103 0.407721
vn -0.007127 0.978509 0.206081
vn 0.999994 0.000000 -0.003435
vn 0.989914 -0.086973 0.111830
vn 0.000000 0.979478 0.201551
vn 0.125809 -0.235001 -0.963819
vn -0.970329 -0.156170 0.184586
vn -0.170838 0.947691 0.269622
vn -0.983515 -0.041827 0.175921
vn -0.967805 0.154540 0.198673
vn -0.172839 0.959938 0.220559
vn -0.258432 -0.054664 0.964481
vn -0.258441 0.054017 0.964516
vn -0.231819 0.444704 0.865158
vn -0.198876 -0.639971 0.742217
vn -0.706050 -0.054664 0.706049
vn -0.706075 0.054017 0.706074
vn -0.633340 0.444704 0.633339
vn -0.543340 -0.639971 0.543340
vn -0.865158 0.444704 0.231819
vn -0.742217 -0.639971 0.198876
vn -0.964481 -0.054664 0.258432
vn -0.964515 0.054017 0.258442
vn -0.865158 0.444704 -0.231818
vn -0.742217 -0.639971 -0.198876
vn -0.964481 -0.054664 -0.258432
vn -0.964516 0.054017 -0.258441
vn -0.706074 0.054017 -0.706074
vn -0.633340 0.444704 -0.633340
vn -0.543340 -0.639971 -0.543340
vn -0.706050 -0.054664 -0.706049
vn -0.258441 0.054017 -0.964516
vn -0.042445 -0.986461 0.158408
vn -0.036765 0.989860 0.137207
vn -0.100443 0.989860 0.100443
vn -0.115963 -0.986461 0.115963
vn -0.137207 0.989860 0.036764
vn -0.158408 -0.986461 0.042445
vn -0.158408 -0.986461 -0.042445
vn -0.137207 0.989860 -0.036765
vn -0.115963 -0.986461 -0.115963
vn -0.100443 0.989860 -0.100443
vn -0.042445 -0.986461 -0.158408
vn -0.231818 0.444704 -0.865158
vn -0.198876 -0.639971 -0.742217
vn -0.036763 0.989860 -0.137208
vn -0.258432 -0.054664 -0.964481
vn 0.967164 -0.175337 -0.183984
vn 0.213391 0.939515 -0.267910
vn 0.246715 -0.329012 0.911528
vn 0.177019 -0.135028 -0.974901
vn 0.984376 -0.000878 -0.176076
vn 0.422742 -0.139819 0.895399
vn 0.213892 0.281408 -0.935446
vn 0.374191 -0.388069 -0.842249
vn 0.959142 0.201180 -0.198929
vn 0.152624 -0.224931 0.962347
vn 0.390800 0.331108 -0.858862
vn 0.492624 0.501625 -0.711122
vn 0.230611 0.946878 -0.224144
vn 0.000676 0.998686 0.051244
vn -1.000000 0.000000 0.000000
vn 0.289540 0.504342 0.813514
vn 0.066009 -0.036823 0.997139
vn 0.448790 -0.080061 0.890044
vn 0.139836 0.452397 0.880786
vn 0.286787 0.258743 0.922391
vn 0.041813 -0.962382 0.268463
vn -0.977560 0.198673 0.070039
vn 0.999994 0.000000 0.003435
vn 0.224404 -0.885103 0.407721
vn 0.007127 0.978509 0.206081
vn -0.999994 0.000000 -0.003435
vn -0.989914 -0.086973 0.111830
vn -0.125809 -0.235001 -0.963819
vn 0.970329 -0.156170 0.184586
vn 0.170838 0.947691 0.269622
vn 0.983515 -0.041827 0.175921
vn 0.967805 0.154540 0.198673
vn 0.172839 0.959938 0.220559
vn 0.258432 -0.054664 0.964481
vn 0.258441 0.054017 0.964516
vn 0.231819 0.444704 0.865158
vn 0.198876 -0.639971 0.742217
vn 0.706050 -0.054664 0.706049
vn 0.706075 0.054017 0.706074
vn 0.633340 0.444704 0.633339
vn 0.543340 -0.639971 0.543340
vn 0.865158 0.444704 0.231819
vn 0.742217 -0.639971 0.198876
vn 0.964481 -0.054664 0.258432
vn 0.964515 0.054017 0.258442
vn 0.865158 0.444704 -0.231818
vn 0.742217 -0.639971 -0.198876
vn 0.964481 -0.054664 -0.258432
vn 0.964516 0.054017 -0.258441
vn 0.706074 0.054017 -0.706074
vn 0.633340 0.444704 -0.633340
vn 0.543340 -0.639971 -0.543340
vn 0.706050 -0.054664 -0.706049
vn 0.258441 0.054017 -0.964516
vn 0.042445 -0.986461 0.158408
vn 0.036765 0.989860 0.137207
vn 0.100443 0.989860 0.100443
vn 0.115963 -0.986461 0.115963
vn 0.137207 0.989860 0.036764
vn 0.158408 -0.986461 0.042445
vn 0.158408 -0.986461 -0.042445
vn 0.137207 0.989860 -0.036765
vn 0.115963 -0.986461 -0.115963
vn 0.100443 0.989860 -0.100443
vn 0.042445 -0.986461 -0.158408
vn 0.231818 0.444704 -0.865158
vn 0.198876 -0.639971 -0.742217
vn 0.036763 0.989860 -0.137208
vn 0.258432 -0.054664 -0.964481
f 38 1 5 1 4 1
f 38 1 4 1 36 1
f 39 2 115 2 71 2
f 39 2 71 2 7 2
f 40 3 114 3 73 3
f 40 3 73 3 8 3
f 15 4 6 4 3 4
f 15 4 3 4 7 4
f 14 5 75 5 72 5
f 14 5 72 5 9 5
f 41 6 12 6 5 6
f 41 6 5 6 38 6
f 15 7 7 7 16 7
f 15 7 16 7 17 7
f 13 8 85 8 75 8
f 13 8 75 8 14 8
f 17 9 87 9 76 9
f 17 9 76 9 15 9
f 8 10 73 10 85 10
f 8 10 85 10 13 10
f 5 11 14 11 9 11
f 5 11 9 11 4 11
f 37 12 2 12 12 12
f 37 12 12 12 41 12
f 7 13 71 13 89 13
f 7 13 89 13 16 13
f 36 2 39 2 7 2
f 36 2 7 2 3 2
f 12 14 13 14 14 14
f 12 14 14 14 5 14
f 2 15 8 15 13 15
f 2 15 13 15 12 15
f 37 16 40 16 8 16
f 37 16 8 16 2 16
f 19 17 94 17 87 17
f 19 17 87 17 17 17
f 16 18 89 18 95 18
f 16 18 95 18 18 18
f 17 19 16 19 18 19
f 17 19 18 19 19 19
f 19 9 18 9 95 9
f 19 9 95 9 94 9
f 11 20 6 20 23 20
f 11 20 23 20 25 20
f 26 9 22 9 76 9
f 26 9 76 9 84 9
f 27 21 23 21 6 21
f 27 21 6 21 15 21
f 15 9 76 9 22 9
f 15 9 22 9 27 9
f 10 22 1 22 20 22
f 10 22 20 22 24 22
f 1 23 11 23 25 23
f 1 23 25 23 20 23
f 24 24 21 24 74 24
f 24 24 74 24 10 24
f 26 8 21 8 74 8
f 26 8 74 8 84 8
f 32 25 29 25 21 25
f 32 25 21 25 24 25
f 25 26 23 26 31 26
f 25 26 31 26 33 26
f 34 27 30 27 22 27
f 34 27 22 27 26 27
f 24 28 20 28 28 28
f 24 28 28 28 32 28
f 35 29 31 29 23 29
f 35 29 23 29 27 29
f 34 30 29 30 21 30
f 34 30 21 30 26 30
f 33 31 28 31 20 31
f 33 31 20 31 25 31
f 27 32 22 32 30 32
f 27 32 30 32 35 32
f 29 33 30 33 31 33
f 29 33 31 33 28 33
f 6 34 38 34 36 34
f 6 34 36 34 3 34
f 9 2 72 2 115 2
f 9 2 115 2 39 2
f 10 35 74 35 114 35
f 10 35 114 35 40 35
f 11 36 41 36 38 36
f 11 36 38 36 6 36
f 1 37 37 37 41 37
f 1 37 41 37 11 37
f 4 2 9 2 39 2
f 4 2 39 2 36 2
f 1 38 10 38 40 38
f 1 38 40 38 37 38
f 44 39 45 39 130 39
f 44 39 130 39 129 39
f 43 40 44 40 129 40
f 43 40 129 40 128 40
f 42 41 43 41 128 41
f 42 41 128 41 127 41
f 45 42 46 42 131 42
f 45 42 131 42 130 42
f 49 43 50 43 45 43
f 49 43 45 43 44 43
f 48 44 49 44 44 44
f 48 44 44 44 43 44
f 47 45 48 45 43 45
f 47 45 43 45 42 45
f 50 46 51 46 46 46
f 50 46 46 46 45 46
f 52 47 53 47 48 47
f 52 47 48 47 47 47
f 55 48 56 48 51 48
f 55 48 51 48 50 48
f 54 49 55 49 50 49
f 54 49 50 49 49 49
f 53 50 54 50 49 50
f 53 50 49 50 48 50
f 57 51 58 51 53 51
f 57 51 53 51 52 51
f 60 52 61 52 56 52
f 60 52 56 52 55 52
f 59 53 60 53 55 53
f 59 53 55 53 54 53
f 58 54 59 54 54 54
f 58 54 54 54 53 54
f 63 55 64 55 59 55
f 63 55 59 55 58 55
f 62 56 63 56 58 56
f 62 56 58 56 57 56
f 65 57 66 57 61 57
f 65 57 61 57 60 57
f 64 58 65 58 60 58
f 64 58 60 58 59 58
f 157 59 158 59 64 59
f 157 59 64 59 63 59
f 46 60 125 60 131 60
f 126 61 42 61 127 61
f 126 62 47 62 42 62
f 51 63 125 63 46 63
f 126 64 52 64 47 64
f 56 65 125 65 51 65
f 61 66 125 66 56 66
f 126 67 57 67 52 67
f 66 68 125 68 61 68
f 126 69 62 69 57 69
f 124 70 125 70 66 70
f 122 71 157 71 63 71
f 122 71 63 71 62 71
f 123 72 124 72 66 72
f 123 72 66 72 65 72
f 126 73 122 73 62 73
f 158 74 123 74 65 74
f 158 74 65 74 64 74
f 118 75 116 75 70 75
f 118 75 70 75 77 75
f 119 2 79 2 71 2
f 119 2 71 2 115 2
f 120 76 80 76 73 76
f 120 76 73 76 114 76
f 91 77 79 77 69 77
f 91 77 69 77 78 77
f 90 78 81 78 72 78
f 90 78 72 78 75 78
f 121 79 118 79 77 79
f 121 79 77 79 86 79
f 91 80 93 80 92 80
f 91 80 92 80 79 80
f 88 8 90 8 75 8
f 88 8 75 8 85 8
f 93 9 91 9 76 9
f 93 9 76 9 87 9
f 80 81 88 81 85 81
f 80 81 85 81 73 81
f 77 82 70 82 81 82
f 77 82 81 82 90 82
f 117 83 121 83 86 83
f 117 83 86 83 68 83
f 79 84 92 84 89 84
f 79 84 89 84 71 84
f 116 2 69 2 79 2
f 116 2 79 2 119 2
f 86 85 77 85 90 85
f 86 85 90 85 88 85
f 68 86 86 86 88 86
f 68 86 88 86 80 86
f 117 87 68 87 80 87
f 117 87 80 87 120 87
f 97 17 93 17 87 17
f 97 17 87 17 94 17
f 92 88 96 88 95 88
f 92 88 95 88 89 88
f 93 89 97 89 96 89
f 93 89 96 89 92 89
f 97 9 94 9 95 9
f 97 9 95 9 96 9
f 83 90 103 90 101 90
f 83 90 101 90 78 90
f 104 9 84 9 76 9
f 104 9 76 9 100 9
f 105 91 91 91 78 91
f 105 91 78 91 101 91
f 91 9 105 9 100 9
f 91 9 100 9 76 9
f 82 92 102 92 98 92
f 82 92 98 92 67 92
f 103 93 83 93 67 93
f 103 93 67 93 98 93
f 102 94 82 94 74 94
f 102 94 74 94 99 94
f 104 8 84 8 74 8
f 104 8 74 8 99 8
f 110 95 102 95 99 95
f 110 95 99 95 107 95
f 103 96 111 96 109 96
f 103 96 109 96 101 96
f 112 97 104 97 100 97
f 112 97 100 97 108 97
f 102 98 110 98 106 98
f 102 98 106 98 98 98
f 113 99 105 99 101 99
f 113 99 101 99 109 99
f 112 100 104 100 99 100
f 112 100 99 100 107 100
f 111 101 103 101 98 101
f 111 101 98 101 106 101
f 105 32 113 32 108 32
f 105 32 108 32 100 32
f 107 102 106 102 109 102
f 107 102 109 102 108 102
f 78 103 69 103 116 103
f 78 103 116 103 118 103
f 81 2 119 2 115 2
f 81 2 115 2 72 2
f 82 104 120 104 114 104
f 82 104 114 104 74 104
f 83 105 78 105 118 105
f 83 105 118 105 121 105
f 67 106 83 106 121 106
f 67 106 121 106 117 106
f 70 2 116 2 119 2
f 70 2 119 2 81 2
f 67 107 117 107 120 107
f 67 107 120 107 82 107
f 134 108 129 108 130 108
f 134 108 130 108 135 108
f 133 109 128 109 129 109
f 133 109 129 109 134 109
f 132 110 127 110 128 110
f 132 110 128 110 133 110
f 135 111 130 111 131 111
f 135 111 131 111 136 111
f 139 112 134 112 135 112
f 139 112 135 112 140 112
f 138 113 133 113 134 113
f 138 113 134 113 139 113
f 137 114 132 114 133 114
f 137 114 133 114 138 114
f 140 115 135 115 136 115
f 140 115 136 115 141 115
f 142 116 137 116 138 116
f 142 116 138 116 143 116
f 145 117 140 117 141 117
f 145 117 141 117 146 117
f 144 118 139 118 140 118
f 144 118 140 118 145 118
f 143 119 138 119 139 119
f 143 119 139 119 144 119
f 147 120 142 120 143 120
f 147 120 143 120 148 120
f 150 121 145 121 146 121
f 150 121 146 121 151 121
f 149 122 144 122 145 122
f 149 122 145 122 150 122
f 148 123 143 123 144 123
f 148 123 144 123 149 123
f 153 124 148 124 149 124
f 153 124 149 124 154 124
f 152 125 147 125 148 125
f 152 125 148 125 153 125
f 155 126 150 126 151 126
f 155 126 151 126 156 126
f 154 127 149 127 150 127
f 154 127 150 127 155 127
f 157 128 153 128 154 128
f 157 128 154 128 158 128
f 136 129 131 129 125 129
f 126 130 127 130 132 130
f 126 131 132 131 137 131
f 141 132 136 132 125 132
f 126 133 137 133 142 133
f 146 134 141 134 125 134
f 151 135 146 135 125 135
f 126 136 142 136 147 136
f 156 137 151 137 125 137
f 126 138 147 138 152 138
f 124 139 156 139 125 139
f 122 140 152 140 153 140
f 122 140 153 140 157 140
f 123 141 155 141 156 141
f 123 141 156 141 124 141
f 126 142 152 142 122 142
f 158 143 154 143 155 143
f 158 143 155 143 123 143
pacanariCollar 1.0 1.0 1.0 1.0
v -1.050393 6.160588 1.050393
v -1.050393 6.160588 -1.050393
v -1.075709 5.928937 -1.075709
v -1.075709 5.928937 1.075709
v -1.050393 5.697288 1.050393
v -1.050393 5.697288 -1.050393
v -1.365542 5.697288 0.000000
v -1.365542 6.160588 0.000000
v -1.365542 5.928937 0.000000
v 1.050393 6.160588 1.050393
v 1.050393 6.160588 -1.050393
v 1.075709 5.928937 -1.075709
v 1.075709 5.928937 1.075709
v 1.050393 5.697288 1.050393
v 1.050393 5.697288 -1.050393
v 1.365542 5.697288 0.000000
v 1.365542 6.160588 0.000000
v 1.365542 5.928937 0.000000
v 0.000000 5.697288 -1.365542
v 0.000000 6.160588 -1.365542
v 0.000000 5.697288 1.365542
v 0.000000 6.160588 1.365542
v 0.000000 5.697288 0.000000
v 0.000000 6.160588 0.000000
v 0.000000 5.928937 1.365542
v 0.000000 5.928937 -1.365542
vn -0.959635 -0.067357 -0.273064
vn -0.273064 -0.067357 0.959635
vn -0.959635 0.067356 -0.273064
vn -0.273064 0.067356 0.959635
vn -0.959635 -0.067357 0.273064
vn -0.959635 0.067356 0.273064
vn 0.000000 -1.000000 -0.000000
vn 0.000000 1.000000 -0.000000
vn -0.273064 0.067356 -0.959635
vn -0.273064 -0.067357 -0.959635
vn 0.959635 -0.067357 -0.273064
vn 0.273064 -0.067357 0.959635
vn 0.959635 0.067356 -0.273064
vn 0.273064 0.067356 0.959635
vn 0.959635 -0.067357 0.273064
vn 0.959635 0.067356 0.273064
vn 0.273064 0.067356 -0.959635
vn 0.273064 -0.067357 -0.959635
f 9 1 3 1 6 1
f 9 1 6 1 7 1
f 25 2 4 2 5 2
f 25 2 5 2 21 2
f 8 3 2 3 3 3
f 8 3 3 3 9 3
f 22 4 1 4 4 4
f 22 4 4 4 25 4
f 4 5 9 5 7 5
f 4 5 7 5 5 5
f 1 6 8 6 9 6
f 1 6 9 6 4 6
f 6 7 19 7 23 7
f 6 7 23 7 7 7
f 1 8 22 8 24 8
f 1 8 24 8 8 8
f 2 9 20 9 26 9
f 2 9 26 9 3 9
f 3 10 26 10 19 10
f 3 10 19 10 6 10
f 7 7 23 7 21 7
f 7 7 21 7 5 7
f 8 8 24 8 20 8
f 8 8 20 8 2 8
f 18 11 16 11 15 11
f 18 11 15 11 12 11
f 25 12 21 12 14 12
f 25 12 14 12 13 12
f 17 13 18 13 12 13
f 17 13 12 13 11 13
f 22 14 25 14 13 14
f 22 14 13 14 10 14
f 13 15 14 15 16 15
f 13 15 16 15 18 15
f 10 16 13 16 18 16
f 10 16 18 16 17 16
f 15 7 16 7 23 7
f 15 7 23 7 19 7
f 10 8 17 8 24 8
f 10 8 24 8 22 8
f 11 17 12 17 26 17
f 11 17 26 17 20 17
f 12 18 15 18 19 18
f 12 18 19 18 26 18
f 16 7 14 7 21 7
f 16 7 21 7 23 7
f 17 8 11 8 20 8
f 17 8 20 8 24 8
pacanariLimb 0.2 0.2 0.8 1.0
v -0.000216 -0.001402 -0.313463
v -0.000216 -2.451539 -0.542674
v -0.001031 -3.228580 -0.314797
v 0.156338 -0.001402 -0.271514
v 0.270944 -0.316248 -0.470017
v 0.312893 -1.373824 -0.542674
v 0.270944 -2.451539 -0.470017
v 0.155524 -3.228580 -0.272848
v 0.270944 -0.001401 -0.156908
v 0.469447 -0.316248 -0.271514
v 0.542104 -1.373824 -0.313463
v 0.469447 -2.451539 -0.271514
v 0.270129 -3.228580 -0.158242
v 0.312893 -0.001401 -0.000354
v 0.542105 -0.316248 -0.000354
v 0.626002 -1.373824 -0.000354
v 0.542104 -2.451539 -0.000354
v 0.312078 -3.228580 -0.001688
v 0.270944 -0.001401 0.156201
v 0.469447 -0.316248 0.270806
v 0.542104 -1.373824 0.312755
v 0.469447 -2.451539 0.270806
v 0.270129 -3.228580 0.154866
v -0.012881 -3.344265 -0.021090
v -0.000216 0.082108 -0.000354
v 0.156338 -0.001401 0.270806
v 0.270944 -0.316248 0.469309
v 0.312893 -1.373824 0.541967
v 0.270944 -2.451539 0.469309
v 0.155524 -3.228580 0.269472
v -0.000216 -0.001401 0.312755
v -0.000216 -0.316248 0.541967
v -0.000216 -1.373824 0.625864
v -0.000216 -2.451539 0.541967
v -0.001031 -3.228580 0.311421
v -0.156770 -0.001401 0.270806
v -0.271376 -0.316248 0.469310
v -0.313325 -1.373824 0.541967
v -0.271376 -2.451539 0.469309
v -0.157585 -3.228580 0.269472
v -0.271376 -0.001402 0.156200
v -0.469879 -0.316248 0.270806
v -0.542537 -1.373824 0.312755
v -0.469879 -2.451539 0.270806
v -0.272191 -3.228580 0.154866
v -0.313325 -0.001402 -0.000354
v -0.542537 -0.316248 -0.000354
v -0.626434 -1.373824 -0.000354
v -0.542537 -2.451539 -0.000354
v -0.314140 -3.228580 -0.001688
v -0.271376 -0.001402 -0.156908
v -0.469879 -0.316248 -0.271514
v -0.542537 -1.373824 -0.313463
v -0.469879 -2.451539 -0.271514
v -0.272191 -3.228580 -0.158242
v -0.156770 -0.001402 -0.271514
v -0.271376 -0.316248 -0.470017
v -0.313325 -1.373824 -0.542674
v -0.271376 -2.451539 -0.470017
v -0.157585 -3.228580 -0.272848
v -0.000216 -0.316248 -0.542675
v -0.000216 -1.373824 -0.626572
vn 0.249003 -0.272789 -0.929292
vn 0.705040 0.076403 -0.705040
vn 0.578412 0.575220 -0.578413
vn 0.680126 -0.273603 -0.680126
vn 0.705116 -0.074983 -0.705116
vn 0.963207 -0.074983 -0.258090
vn 0.963102 0.076403 -0.258063
vn 0.790126 0.575220 -0.211714
vn 0.928814 -0.274529 -0.248875
vn 0.963207 -0.074983 0.258090
vn 0.963103 0.076403 0.258062
vn 0.790126 0.575220 0.211714
vn 0.928596 -0.275318 0.248816
vn 0.578412 0.575220 0.578413
vn 0.679690 -0.275761 0.679690
vn 0.705116 -0.074983 0.705116
vn 0.705040 0.076403 0.705040
vn 0.211714 0.575220 0.790126
vn 0.248785 -0.275738 0.928479
vn 0.258090 -0.074983 0.963207
vn 0.258063 0.076403 0.963102
vn -0.258063 0.076403 0.963102
vn -0.211714 0.575220 0.790126
vn -0.248821 -0.275256 0.928613
vn -0.258090 -0.074983 0.963207
vn -0.705040 0.076403 0.705040
vn -0.578413 0.575220 0.578412
vn -0.679956 -0.274443 0.679956
vn -0.705116 -0.074983 0.705116
vn -0.963207 -0.074983 0.258090
vn -0.963102 0.076403 0.258063
vn -0.790126 0.575220 0.211714
vn -0.929092 -0.273517 0.248949
vn -0.929309 -0.272726 -0.249008
vn -0.963207 -0.074983 -0.258090
vn -0.963102 0.076403 -0.258063
vn -0.790126 0.575220 -0.211714
vn -0.578412 0.575220 -0.578412
vn -0.680390 -0.272282 -0.680390
vn -0.705116 -0.074983 -0.705116
vn -0.705040 0.076403 -0.705040
vn -0.258063 0.076403 -0.963102
vn 0.096830 -0.927381 -0.361370
vn 0.211714 0.575220 -0.790126
vn 0.068887 0.963929 -0.257091
vn 0.258090 -0.074983 -0.963207
vn 0.258063 0.076403 -0.963102
vn 0.256570 -0.931849 -0.256570
vn 0.188203 0.963929 -0.188204
vn 0.338803 -0.936468 -0.090782
vn 0.257091 0.963929 -0.068887
vn 0.257091 0.963929 0.068887
vn 0.329391 -0.940059 0.088260
vn 0.188204 0.963929 0.188204
vn 0.237423 -0.941945 0.237423
vn 0.086972 -0.941850 0.324583
vn 0.068887 0.963929 0.257091
vn -0.088455 -0.939786 0.330117
vn -0.068887 0.963929 0.257091
vn -0.248786 -0.936061 0.248786
vn -0.188204 0.963929 0.188203
vn -0.257091 0.963929 0.068887
vn -0.351595 -0.931400 0.094210
vn -0.257091 0.963929 -0.068887
vn -0.362232 -0.927021 -0.097060
vn -0.188204 0.963929 -0.188204
vn -0.269730 -0.924387 -0.269730
vn -0.098642 -0.924526 -0.368132
vn -0.211714 0.575220 -0.790126
vn -0.249039 -0.272305 -0.929424
vn -0.068888 0.963929 -0.257091
vn -0.258090 -0.074983 -0.963207
f 7 1 8 1 3 1
f 7 1 3 1 2 1
f 10 2 11 2 6 2
f 10 2 6 2 5 2
f 9 3 10 3 5 3
f 9 3 5 3 4 3
f 12 4 13 4 8 4
f 12 4 8 4 7 4
f 11 5 12 5 7 5
f 11 5 7 5 6 5
f 16 6 17 6 12 6
f 16 6 12 6 11 6
f 15 7 16 7 11 7
f 15 7 11 7 10 7
f 14 8 15 8 10 8
f 14 8 10 8 9 8
f 17 9 18 9 13 9
f 17 9 13 9 12 9
f 21 10 22 10 17 10
f 21 10 17 10 16 10
f 20 11 21 11 16 11
f 20 11 16 11 15 11
f 19 12 20 12 15 12
f 19 12 15 12 14 12
f 22 13 23 13 18 13
f 22 13 18 13 17 13
f 26 14 27 14 20 14
f 26 14 20 14 19 14
f 29 15 30 15 23 15
f 29 15 23 15 22 15
f 28 16 29 16 22 16
f 28 16 22 16 21 16
f 27 17 28 17 21 17
f 27 17 21 17 20 17
f 31 18 32 18 27 18
f 31 18 27 18 26 18
f 34 19 35 19 30 19
f 34 19 30 19 29 19
f 33 20 34 20 29 20
f 33 20 29 20 28 20
f 32 21 33 21 28 21
f 32 21 28 21 27 21
f 37 22 38 22 33 22
f 37 22 33 22 32 22
f 36 23 37 23 32 23
f 36 23 32 23 31 23
f 39 24 40 24 35 24
f 39 24 35 24 34 24
f 38 25 39 25 34 25
f 38 25 34 25 33 25
f 42 26 43 26 38 26
f 42 26 38 26 37 26
f 41 27 42 27 37 27
f 41 27 37 27 36 27
f 44 28 45 28 40 28
f 44 28 40 28 39 28
f 43 29 44 29 39 29
f 43 29 39 29 38 29
f 48 30 49 30 44 30
f 48 30 44 30 43 30
f 47 31 48 31 43 31
f 47 31 43 31 42 31
f 46 32 47 32 42 32
f 46 32 42 32 41 32
f 49 33 50 33 45 33
f 49 33 45 33 44 33
f 54 34 55 34 50 34
f 54 34 50 34 49 34
f 53 35 54 35 49 35
f 53 35 49 35 48 35
f 52 36 53 36 48 36
f 52 36 48 36 47 36
f 51 37 52 37 47 37
f 51 37 47 37 46 37
f 56 38 57 38 52 38
f 56 38 52 38 51 38
f 59 39 60 39 55 39
f 59 39 55 39 54 39
f 58 40 59 40 54 40
f 58 40 54 40 53 40
f 57 41 58 41 53 41
f 57 41 53 41 52 41
f 61 42 62 42 58 42
f 61 42 58 42 57 42
f 8 43 24 43 3 43
f 61 44 1 44 4 44
f 61 44 4 44 5 44
f 4 45 1 45 25 45
f 6 46 7 46 2 46
f 6 46 2 46 62 46
f 5 47 6 47 62 47
f 5 47 62 47 61 47
f 13 48 24 48 8 48
f 25 49 9 49 4 49
f 18 50 24 50 13 50
f 25 51 14 51 9 51
f 25 52 19 52 14 52
f 23 53 24 53 18 53
f 25 54 26 54 19 54
f 30 55 24 55 23 55
f 35 56 24 56 30 56
f 25 57 31 57 26 57
f 40 58 24 58 35 58
f 25 59 36 59 31 59
f 45 60 24 60 40 60
f 25 61 41 61 36 61
f 25 62 46 62 41 62
f 50 63 24 63 45 63
f 25 64 51 64 46 64
f 55 65 24 65 50 65
f 25 66 56 66 51 66
f 60 67 24 67 55 67
f 3 68 24 68 60 68
f 1 69 61 69 57 69
f 1 69 57 69 56 69
f 2 70 3 70 60 70
f 2 70 60 70 59 70
f 25 71 1 71 56 71
f 62 72 2 72 59 72
f 62 72 59 72 58 72