ball
v -0.195090 0.980785 0.000000
v -0.382683 0.923880 0.000000
v -0.555570 0.831470 0.000000
v -0.707107 0.707107 0.000000
v -0.831470 0.555570 0.000000
v -0.923880 0.382683 0.000000
v -0.980785 0.195090 0.000000
v -1.000000 0.000000 0.000000
v -0.980785 -0.195090 0.000000
v -0.923880 -0.382683 0.000000
v -0.831470 -0.555570 0.000000
v -0.707107 -0.707107 0.000000
v -0.555570 -0.831470 0.000000
v -0.382683 -0.923880 0.000000
v -0.195090 -0.980785 0.000000
v -0.180240 0.980785 -0.074658
v -0.353553 0.923880 -0.146447
v -0.513280 0.831470 -0.212608
v -0.653281 0.707107 -0.270598
v -0.768178 0.555570 -0.318190
v -0.853553 0.382683 -0.353553
v -0.906127 0.195090 -0.375330
v -0.923880 0.000000 -0.382684
v -0.906127 -0.195090 -0.375330
v -0.853553 -0.382683 -0.353554
v -0.768178 -0.555570 -0.318190
v -0.653281 -0.707107 -0.270598
v -0.513280 -0.831470 -0.212608
v -0.353553 -0.923880 -0.146447
v -0.180240 -0.980785 -0.074658
v 0.000000 -1.000000 0.000000
v -0.137950 0.980785 -0.137950
v -0.270598 0.923880 -0.270598
v -0.392847 0.831470 -0.392848
v -0.500000 0.707107 -0.500000
v -0.587938 0.555570 -0.587938
v -0.653281 0.382683 -0.653282
v -0.693520 0.195090 -0.693520
v -0.707107 0.000000 -0.707107
v -0.693520 -0.195090 -0.693520
v -0.653281 -0.382683 -0.653282
v -0.587938 -0.555570 -0.587938
v -0.500000 -0.707107 -0.500000
v -0.392847 -0.831470 -0.392848
v -0.270598 -0.923880 -0.270598
v -0.137949 -0.980785 -0.137950
v -0.074658 0.980785 -0.180240
v -0.146446 0.923880 -0.353554
v -0.212607 0.831470 -0.513280
v -0.270598 0.707107 -0.653282
v -0.318189 0.555570 -0.768178
v -0.353553 0.382683 -0.853554
v -0.375330 0.195090 -0.906128
v -0.382683 0.000000 -0.923880
v -0.375330 -0.195090 -0.906128
v -0.353553 -0.382683 -0.853554
v -0.318189 -0.555570 -0.768178
v -0.270598 -0.707107 -0.653282
v -0.212607 -0.831470 -0.513280
v -0.146446 -0.923880 -0.353554
v -0.074658 -0.980785 -0.180240
v 0.000000 0.980785 -0.195091
v 0.000000 0.923880 -0.382684
v 0.000000 0.831470 -0.555570
v 0.000000 0.707107 -0.707107
v 0.000000 0.555570 -0.831470
v 0.000000 0.382683 -0.923880
v 0.000000 0.195090 -0.980785
v 0.000000 0.000000 -1.000000
v 0.000000 -0.195090 -0.980785
v 0.000000 -0.382683 -0.923880
v 0.000000 -0.555570 -0.831470
v 0.000000 -0.707107 -0.707107
v 0.000000 -0.831470 -0.555570
v 0.000000 -0.923880 -0.382684
v 0.000000 -0.980785 -0.195090
v 0.074658 0.980785 -0.180240
v 0.146447 0.923880 -0.353554
v 0.212608 0.831470 -0.513280
v 0.270598 0.707107 -0.653282
v 0.318190 0.555570 -0.768178
v 0.353554 0.382683 -0.853553
v 0.375331 0.195090 -0.906128
v 0.382684 0.000000 -0.923880
v 0.375331 -0.195090 -0.906128
v 0.353554 -0.382683 -0.853553
v 0.318190 -0.555570 -0.768178
v 0.270598 -0.707107 -0.653282
v 0.212608 -0.831470 -0.513280
v 0.146447 -0.923880 -0.353554
v 0.074658 -0.980785 -0.180240
v 0.137950 0.980785 -0.137950
v 0.270599 0.923880 -0.270598
v 0.392848 0.831470 -0.392848
v 0.500000 0.707107 -0.500000
v 0.587938 0.555570 -0.587938
v 0.653282 0.382683 -0.653282
v 0.693520 0.195090 -0.693520
v 0.707107 0.000000 -0.707107
v 0.693520 -0.195090 -0.693520
v 0.653282 -0.382683 -0.653281
v 0.587938 -0.555570 -0.587938
v 0.500000 -0.707107 -0.500000
v 0.392848 -0.831470 -0.392848
v 0.270599 -0.923880 -0.270598
v 0.137950 -0.980785 -0.137950
v 0.180241 0.980785 -0.074658
v 0.353554 0.923880 -0.146447
v 0.513280 0.831470 -0.212608
v 0.653282 0.707107 -0.270598
v 0.768178 0.555570 -0.318190
v 0.853554 0.382683 -0.353553
v 0.906128 0.195090 -0.375330
v 0.923880 0.000000 -0.382683
v 0.906128 -0.195090 -0.375330
v 0.853554 -0.382683 -0.353553
v 0.768178 -0.555570 -0.318190
v 0.653282 -0.707107 -0.270598
v 0.513280 -0.831470 -0.212608
v 0.353554 -0.923880 -0.146447
v 0.180240 -0.980785 -0.074658
v 0.195091 0.980785 0.000000
v 0.382684 0.923880 0.000000
v 0.555571 0.831470 0.000000
v 0.707107 0.707107 0.000000
v 0.831470 0.555570 0.000000
v 0.923880 0.382683 0.000000
v 0.980786 0.195090 0.000000
v 1.000000 0.000000 0.000000
v 0.980786 -0.195090 0.000000
v 0.923880 -0.382683 0.000000
v 0.831470 -0.555570 0.000000
v 0.707107 -0.707107 0.000000
v 0.555571 -0.831470 0.000000
v 0.382684 -0.923880 0.000000
v 0.195091 -0.980785 0.000000
v 0.180241 0.980785 0.074658
v 0.353554 0.923880 0.146447
v 0.513280 0.831470 0.212608
v 0.653282 0.707107 0.270598
v 0.768178 0.555570 0.318190
v 0.853554 0.382683 0.353553
v 0.906128 0.195090 0.375330
v 0.923880 0.000000 0.382684
v 0.906128 -0.195090 0.375330
v 0.853554 -0.382683 0.353553
v 0.768178 -0.555570 0.318190
v 0.653282 -0.707107 0.270598
v 0.513280 -0.831470 0.212608
v 0.353554 -0.923880 0.146447
v 0.180240 -0.980785 0.074658
v 0.137950 0.980785 0.137950
v 0.270599 0.923880 0.270598
v 0.392848 0.831470 0.392848
v 0.500000 0.707107 0.500000
v 0.587938 0.555570 0.587938
v 0.653282 0.382683 0.653282
v 0.693520 0.195090 0.693520
v 0.707107 0.000000 0.707107
v 0.693520 -0.195090 0.693520
v 0.653282 -0.382683 0.653282
v 0.587938 -0.555570 0.587938
v 0.500000 -0.707107 0.500000
v 0.392848 -0.831470 0.392848
v 0.270599 -0.923880 0.270598
v 0.137950 -0.980785 0.137950
v 0.074658 0.980785 0.180240
v 0.146447 0.923880 0.353554
v 0.212608 0.831470 0.513280
v 0.270598 0.707107 0.653282
v 0.318190 0.555570 0.768178
v 0.353554 0.382683 0.853553
v 0.375331 0.195090 0.906128
v 0.382684 0.000000 0.923880
v 0.375331 -0.195090 0.906128
v 0.353554 -0.382683 0.853553
v 0.318190 -0.555570 0.768178
v 0.270598 -0.707107 0.653282
v 0.212608 -0.831470 0.513280
v 0.146447 -0.923880 0.353554
v 0.074658 -0.980785 0.180240
v 0.000000 0.980785 0.195091
v 0.000000 0.923880 0.382684
v 0.000000 0.831470 0.555570
v 0.000000 0.707107 0.707107
v 0.000000 0.555570 0.831470
v 0.000000 0.382683 0.923880
v 0.000000 0.195090 0.980785
v 0.000000 0.000000 1.000000
v 0.000000 -0.195090 0.980785
v 0.000000 -0.382683 0.923879
v 0.000000 -0.555570 0.831470
v 0.000000 -0.707107 0.707107
v 0.000000 -0.831470 0.555570
v 0.000000 -0.923880 0.382684
v 0.000000 -0.980785 0.195090
v -0.074658 0.980785 0.180240
v -0.146446 0.923880 0.353554
v -0.212607 0.831470 0.513280
v -0.270598 0.707107 0.653282
v -0.318189 0.555570 0.768178
v -0.353553 0.382683 0.853553
v -0.375330 0.195090 0.906128
v -0.382683 0.000000 0.923880
v -0.375330 -0.195090 0.906128
v -0.353553 -0.382683 0.853553
v -0.318189 -0.555570 0.768178
v -0.270598 -0.707107 0.653282
v -0.212607 -0.831470 0.513280
v -0.146446 -0.923880 0.353554
v -0.074658 -0.980785 0.180240
v 0.000000 1.000000 0.000000
v -0.137950 0.980785 0.137950
v -0.270598 0.923880 0.270598
v -0.392847 0.831470 0.392848
v -0.500000 0.707107 0.500000
v -0.587938 0.555570 0.587938
v -0.653281 0.382683 0.653281
v -0.693520 0.195090 0.693520
v -0.707107 0.000000 0.707107
v -0.693520 -0.195090 0.693520
v -0.653281 -0.382683 0.653281
v -0.587938 -0.555570 0.587938
v -0.500000 -0.707107 0.500000
v -0.392847 -0.831470 0.392848
v -0.270598 -0.923880 0.270598
v -0.137949 -0.980785 0.137950
v -0.180240 0.980785 0.074658
v -0.353553 0.923880 0.146447
v -0.513280 0.831470 0.212608
v -0.653281 0.707107 0.270598
v -0.768177 0.555570 0.318190
v -0.853553 0.382683 0.353553
v -0.906127 0.195090 0.375330
v -0.923879 0.000000 0.382683
v -0.906127 -0.195090 0.375330
v -0.853553 -0.382683 0.353553
v -0.768177 -0.555570 0.318190
v -0.653281 -0.707107 0.270598
v -0.513280 -0.831470 0.212608
v -0.353553 -0.923880 0.146447
v -0.180240 -0.980785 0.074658
f 2 1 17
f 14 29 15
f 24 9 8
f 18 3 2
f 9 24 25
f 19 4 3
f 10 25 11
f 4 19 20
f 27 12 11
f 5 20 21
f 12 27 13
f 6 21 7
f 13 28 14
f 25 41 26
f 36 20 19
f 26 42 43
f 37 21 20
f 27 43 28
f 38 22 21
f 28 44 45
f 22 38 39
f 33 17 16
f 46 30 29
f 40 24 23
f 34 18 17
f 24 40 25
f 35 19 18
f 61 46 45
f 39 54 55
f 49 34 33
f 40 55 41
f 50 35 34
f 41 56 42
f 35 50 36
f 58 43 42
f 52 37 36
f 43 58 44
f 53 38 37
f 60 45 44
f 38 53 39
f 48 33 32
f 58 73 59
f 68 53 52
f 75 60 59
f 53 68 54
f 63 48 47
f 76 61 60
f 70 55 54
f 64 49 48
f 55 70 56
f 65 50 49
f 56 71 57
f 50 65 51
f 73 58 57
f 67 52 51
f 64 79 65
f 71 86 72
f 65 80 66
f 88 73 72
f 82 67 66
f 73 88 74
f 83 68 67
f 90 75 74
f 68 83 69
f 78 63 62
f 91 76 75
f 85 70 69
f 63 78 79
f 70 85 71
f 83 98 84
f 93 78 77
f 90 105 91
f 84 99 100
f 94 79 78
f 85 100 86
f 95 80 79
f 86 101 87
f 80 95 81
f 103 88 87
f 97 82 81
f 88 103 89
f 98 83 82
f 89 104 105
f 118 103 102
f 112 97 96
f 103 118 104
f 113 98 97
f 104 119 120
f 98 113 99
f 108 93 92
f 121 106 105
f 115 100 99
f 109 94 93
f 100 115 101
f 110 95 94
f 117 102 101
f 95 110 96
f 115 130 116
f 125 110 109
f 116 131 132
f 110 125 111
f 133 118 117
f 127 112 111
f 118 133 119
f 128 113 112
f 135 120 119
f 113 128 114
f 123 108 107
f 120 135 136
f 130 115 114
f 124 109 108
f 150 135 134
f 128 143 129
f 138 123 122
f 135 150 136
f 145 130 129
f 123 138 124
f 130 145 131
f 124 139 140
f 131 146 132
f 125 140 126
f 148 133 132
f 142 127 126
f 133 148 134
f 143 128 127
f 163 148 147
f 157 142 141
f 148 163 149
f 158 143 142
f 165 150 149
f 143 158 144
f 153 138 137
f 150 165 151
f 160 145 144
f 138 153 154
f 145 160 146
f 139 154 155
f 146 161 147
f 140 155 141
f 160 175 161
f 154 169 170
f 161 176 177
f 155 170 156
f 178 163 162
f 172 157 156
f 163 178 164
f 173 158 157
f 180 165 164
f 158 173 159
f 168 153 152
f 165 180 166
f 175 160 159
f 153 168 154
f 195 180 179
f 173 188 174
f 183 168 167
f 180 195 181
f 190 175 174
f 168 183 169
f 175 190 176
f 185 170 169
f 192 177 176
f 170 185 171
f 193 178 177
f 187 172 171
f 178 193 179
f 188 173 172
f 208 193 192
f 202 187 186
f 193 208 194
f 203 188 187
f 210 195 194
f 188 203 189
f 198 183 182
f 195 210 196
f 205 190 189
f 183 198 184
f 190 205 191
f 200 185 184
f 207 192 191
f 185 200 186
f 198 214 215
f 205 221 206
f 216 200 199
f 223 207 206
f 200 216 201
f 224 208 207
f 218 202 201
f 208 224 209
f 219 203 202
f 209 225 226
f 203 219 204
f 214 198 197
f 210 226 211
f 221 205 204
f 234 219 218
f 241 226 225
f 235 220 219
f 229 214 213
f 226 241 227
f 220 235 221
f 214 229 215
f 221 236 222
f 231 216 215
f 238 223 222
f 216 231 217
f 239 224 223
f 233 218 217
f 224 239 225
f 11 238 237
f 61 31 30
f 31 242 30
f 212 32 16
f 212 62 32
f 9 10 237
f 106 31 76
f 2 3 230
f 76 31 61
f 212 77 62
f 212 107 77
f 8 9 236
f 136 31 106
f 14 15 241
f 212 137 107
f 1 2 229
f 166 31 136
f 212 167 137
f 235 234 8
f 212 197 167
f 13 14 240
f 181 31 166
f 6 7 233
f 242 31 211
f 211 31 181
f 12 13 239
f 5 6 233
f 7 22 8
f 1 228 16
f 11 12 238
f 231 4 232
f 12 239 238
f 232 5 233
f 13 240 239
f 7 234 233
f 14 241 240
f 228 213 197
f 234 7 8
f 228 1 229
f 15 242 241
f 235 8 236
f 229 2 230
f 236 9 237
f 3 4 231
f 230 3 231
f 17 1 16
f 4 5 232
f 228 212 16
f 22 23 8
f 196 211 181
f 227 242 211
f 197 182 167
f 167 152 137
f 151 166 136
f 137 122 107
f 121 136 106
f 107 92 77
f 91 106 76
f 62 47 32
f 242 15 30
f 46 61 30
f 10 11 237
f 239 240 225
f 232 233 217
f 238 239 223
f 231 232 217
f 237 238 222
f 230 231 215
f 236 237 222
f 229 230 215
f 235 236 221
f 241 242 227
f 228 229 213
f 234 235 219
f 240 241 225
f 233 234 218
f 220 221 204
f 226 227 211
f 213 214 197
f 219 220 204
f 210 209 226
f 218 219 202
f 224 225 209
f 217 218 201
f 223 224 207
f 216 217 201
f 222 223 206
f 215 216 199
f 221 222 206
f 199 198 215
f 200 201 186
f 206 207 191
f 199 200 184
f 205 206 191
f 198 199 184
f 204 205 189
f 210 211 196
f 197 198 182
f 203 204 189
f 209 210 194
f 202 203 187
f 208 209 194
f 201 202 186
f 207 208 192
f 187 188 172
f 193 194 179
f 186 187 171
f 192 193 177
f 185 186 171
f 191 192 176
f 184 185 169
f 190 191 176
f 183 184 169
f 189 190 174
f 195 196 181
f 182 183 167
f 188 189 174
f 194 195 179
f 168 169 154
f 174 175 159
f 180 181 166
f 167 168 152
f 173 174 159
f 179 180 164
f 172 173 157
f 178 179 164
f 171 172 156
f 177 178 162
f 170 171 156
f 162 161 177
f 155 154 170
f 175 176 161
f 155 156 141
f 161 162 147
f 140 139 155
f 160 161 146
f 139 138 154
f 159 160 144
f 165 166 151
f 152 153 137
f 158 159 144
f 164 165 149
f 157 158 142
f 163 164 149
f 156 157 141
f 162 163 147
f 142 143 127
f 148 149 134
f 141 142 126
f 147 148 132
f 140 141 126
f 146 147 132
f 125 124 140
f 145 146 131
f 138 139 124
f 144 145 129
f 150 151 136
f 137 138 122
f 143 144 129
f 149 150 134
f 123 124 108
f 129 130 114
f 121 120 136
f 122 123 107
f 128 129 114
f 134 135 119
f 127 128 112
f 133 134 119
f 126 127 111
f 132 133 117
f 125 126 111
f 117 116 132
f 124 125 109
f 130 131 116
f 110 111 96
f 116 117 101
f 109 110 94
f 115 116 101
f 108 109 93
f 114 115 99
f 120 121 105
f 107 108 92
f 113 114 99
f 105 104 120
f 112 113 97
f 118 119 104
f 111 112 96
f 117 118 102
f 90 89 105
f 97 98 82
f 103 104 89
f 96 97 81
f 102 103 87
f 95 96 81
f 101 102 87
f 94 95 79
f 100 101 86
f 93 94 78
f 85 84 100
f 105 106 91
f 92 93 77
f 98 99 84
f 85 86 71
f 64 63 79
f 84 85 69
f 90 91 75
f 77 78 62
f 83 84 69
f 89 90 74
f 82 83 67
f 88 89 74
f 81 82 66
f 87 88 72
f 80 81 66
f 86 87 72
f 79 80 65
f 66 67 51
f 72 73 57
f 65 66 51
f 71 72 57
f 64 65 49
f 70 71 56
f 63 64 48
f 69 70 54
f 75 76 60
f 62 63 47
f 68 69 54
f 74 75 59
f 67 68 52
f 73 74 59
f 47 48 32
f 53 54 39
f 59 60 44
f 52 53 37
f 58 59 44
f 51 52 36
f 57 58 42
f 50 51 36
f 56 57 42
f 49 50 34
f 55 56 41
f 48 49 33
f 40 39 55
f 60 61 45
f 34 35 18
f 40 41 25
f 33 34 17
f 39 40 23
f 45 46 29
f 32 33 16
f 23 22 39
f 29 28 45
f 37 38 21
f 43 44 28
f 36 37 20
f 27 26 43
f 35 36 19
f 41 42 26
f 28 29 14
f 21 22 7
f 27 28 13
f 6 5 21
f 26 27 11
f 5 4 20
f 25 26 11
f 18 19 3
f 10 9 25
f 17 18 2
f 23 24 8
f 29 30 15
f 212 228 197
